<?xml version="1.0" encoding="UTF-8" standalone="no" ?>
<SimscapeMultibodyImportXML version="2.0" xmlns="urn:mathworks:SimscapeMultibody:import" xmlns:xsi="http://www.w3.org/2001/XMLSchema-instance">
<Created by="" on="02/05/26||01:02:51" using="Simscape Multibody Link Version 7.4" from="SolidWorks 33.5.0"/>
<ModelUnits mass="kilogram" length="millimeter"/>
<DataUnits mass="kilogram" length="meter"/>
<RootAssembly name="MATLAB assembly" uid="MATLAB assembly" version="1157">
<AssemblyFile name="MATLAB assembly.SLDASM" type="SolidWorks Assembly"/>
<InstanceTree>
<Instance name="camber caster plate new-2" uid="camber caster plate new-2" entityUid="camber caster plate new*:*Default">
<Transform>
<Rotation>1 0 0 0 1 0 0 0 1</Rotation>
<Translation>0.38542910263037938 0.031689725212294295 -0.083631806404661016</Translation>
</Transform>
</Instance>
<Instance name="front wheel with bearing-4" uid="front wheel with bearing-4" entityUid="front wheel with bearing" rigid="true">
<Transform>
<Rotation>-0.99998597131728073 4.4301537586599335e-16 -0.0052969017958382041 4.4304469085148033e-16 1 0 0.0052969017958382041 0 -0.99998597131728073</Rotation>
<Translation>0.3862408528303975 0.064689725212287913 0.80909861851389864</Translation>
</Transform>
<Instance name="front rim-1" uid="front rim-1" entityUid="front rim*:*Default">
<Transform>
<Rotation>1 0 0 0 1 0 0 0 1</Rotation>
<Translation>0 0 0</Translation>
</Transform>
</Instance>
<Instance name="front tyre-1" uid="front tyre-1" entityUid="front tyre*:*Default">
<Transform>
<Rotation>1 0 0 0 1 0 0 0 1</Rotation>
<Translation>0 0 0</Translation>
</Transform>
</Instance>
</Instance>
<Instance name="Rose joint Ball-1" uid="Rose joint Ball-1" entityUid="Rose joint Ball*:*Default">
<Transform>
<Rotation>0.64948453328386546 0.48181193533142436 0.58824068203179103 0.47243709876037598 0.35047152197019588 -0.80868590936331586 -0.5957961301820599 0.80313571160799579 -1.3600232051658168e-15</Rotation>
<Translation>0.39852339089958827 0.015199999999934995 0.26872422608672497</Translation>
</Transform>
</Instance>
<Instance name="Hiem joint Body - Copy-1" uid="Hiem joint Body - Copy-1" entityUid="Hiem joint Body - Copy*:*Default">
<Transform>
<Rotation>-0.50468911761153856 -0.80286125436030209 -0.31733688851359404 -0.013223595589916417 -0.36035291339631387 0.93272231362097435 -0.86319987898757333 0.47493113611742821 0.17124948134825915</Rotation>
<Translation>0.43125645356361325 0.029891771998277708 0.24936104153248337</Translation>
</Transform>
</Instance>
<Instance name="steering column and tripod-1" uid="steering column and tripod-1" entityUid="steering column and tripod*:*Default">
<Transform>
<Rotation>0.0014693857187156778 0.808684574422182 0.58824068203178881 0.0010688358079926996 0.58823971099139472 -0.80868590936331763 -0.99999834924645015 0.0018170042308186828 -1.5725118295919696e-15</Rotation>
<Translation>0.30896239451180296 0.069920352968914454 0.26865111338980308</Translation>
</Transform>
</Instance>
<Instance name="camber caster plate new-1" uid="camber caster plate new-1" grounded="true" entityUid="camber caster plate new*:*Default">
<Transform>
<Rotation>1 0 0 0 1 0 0 0 1</Rotation>
<Translation>0.38542910263037911 0.031689725212294295 0.61508025857816229</Translation>
</Transform>
</Instance>
<Instance name="Chassis 25-12-2025-1" uid="Chassis 25-12-2025-1" grounded="true" entityUid="Chassis 25-12-2025*:*Default&lt;As Machined&gt;">
<Transform>
<Rotation>-3.4914813388431334e-15 1.3965925355372533e-14 1 0 1 -1.3965925355372533e-14 -1 0 -3.4914813388431334e-15</Rotation>
<Translation>-0.26872422608672231 0 0.26872422608672325</Translation>
</Transform>
<VisualProperties>
<Ambient r="0.058823529411764705" g="0.058823529411764705" b="0.058823529411764705" a="1"/>
<Diffuse r="0.058823529411764705" g="0.058823529411764705" b="0.058823529411764705" a="1"/>
<Specular r="0.055882352941176466" g="0.055882352941176466" b="0.055882352941176466" a="1"/>
<Emissive r="0" g="0" b="0" a="1"/>
<Shininess>0.3125</Shininess>
</VisualProperties>
</Instance>
<Instance name="base plate steering-1" uid="base plate steering-1" grounded="true" entityUid="base plate steering*:*Default&lt;As Machined&gt;">
<Transform>
<Rotation>0 0 1 2.1616891301246975e-13 1 0 -1 2.1616891301246975e-13 0</Rotation>
<Translation>0.39852339089958883 0.012699999999935069 0.26872422608672364</Translation>
</Transform>
</Instance>
<Instance name="MANCAL UCFL208CC-2" uid="MANCAL UCFL208CC-2" entityUid="MANCAL UCFL208CC*:*Default">
<Transform>
<Rotation>-6.8761904310963062e-15 1 -1.8294370835825577e-14 0 -1.8294370835825577e-14 -1 -1 -6.8761904310963077e-15 0</Rotation>
<Translation>-0.62603584450466732 0.061711885563707436 0.69072422608672635</Translation>
</Transform>
</Instance>
<Instance name="rear wheel-3" uid="rear wheel-3" entityUid="rear wheel" rigid="true">
<Transform>
<Rotation>0.92578142539602959 0.37805919165085222 -3.491481341130684e-15 0.37805919165085222 -0.92578142539602959 0 -3.2323485721209579e-15 -1.3199866149970341e-15 -1</Rotation>
<Translation>-0.62603584450467153 0.061711885563709143 0.84622422608672165</Translation>
</Transform>
<Instance name="rear rim-1" uid="rear rim-1" grounded="true" entityUid="rear rim*:*Default">
<Transform>
<Rotation>1 0 0 0 1 0 0 0 1</Rotation>
<Translation>0 0 0</Translation>
</Transform>
</Instance>
<Instance name="Rear Tyre-1" uid="Rear Tyre-1" entityUid="Rear Tyre*:*Default">
<Transform>
<Rotation>1 0 0 0 1 0 0 0 1</Rotation>
<Translation>0 0 0.013970000000000038</Translation>
</Transform>
</Instance>
</Instance>
<Instance name="SidePods-2" uid="SidePods-2" grounded="true" entityUid="SidePods*:*Default">
<Transform>
<Rotation>-0.024788196700632533 -1.2914749830537136e-14 0.99969272544333898 -1.4454583363576745e-15 -1 -1.2956283723837558e-14 0.99969272544333876 -1.7661653389788867e-15 0.02478819670063255</Rotation>
<Translation>-2.7462628695942071 1.3203595871910967 -0.49683580369571118</Translation>
</Transform>
</Instance>
<Instance name="main shaft-1" uid="main shaft-1" entityUid="main shaft*:*Default">
<Transform>
<Rotation>0.55360676753976357 0.83277820992997575 3.6024171290240887e-15 -0.83277820992997575 0.55360676753976357 0 -2.071357397233723e-15 -2.9488039271926154e-15 1</Rotation>
<Translation>-0.62603584450467553 0.061711885563709157 -0.30627577391327826</Translation>
</Transform>
</Instance>
<Instance name="bucket seat-2" uid="bucket seat-2" grounded="true" entityUid="bucket seat*:*Default">
<Transform>
<Rotation>-3.4914813388431334e-15 0 1 0 1 0 -1 0 -3.4914813388431334e-15</Rotation>
<Translation>-0.22719070224676757 0.039278681542821894 0.26583248051139208</Translation>
</Transform>
</Instance>
<Instance name="FrontPanels-2" uid="FrontPanels-2" grounded="true" entityUid="FrontPanels*:*Default">
<Transform>
<Rotation>0 -1 -3.4914813388431334e-15 -3.4914813388431334e-15 -3.4914813388431334e-15 1 -1 0 -3.4914813388431334e-15</Rotation>
<Translation>-0.27575816952932947 -0.020148231804550533 0.26680163405625129</Translation>
</Transform>
</Instance>
<Instance name="bush-1" uid="bush-1" entityUid="bush*:*Default">
<Transform>
<Rotation>-3.4083411383526122e-15 -0.58824068203179103 0.8086859093633163 -5.9861244035919552e-16 0.8086859093633163 0.58824068203179103 -1 1.5208354701334807e-15 -3.108405643078689e-15</Rotation>
<Translation>0.14169781916454169 0.35099999999999415 0.26872422608672486</Translation>
</Transform>
</Instance>
<Instance name="xmas bearing-1" uid="xmas bearing-1" entityUid="xmas bearing*:*Default">
<Transform>
<Rotation>1 3.6540428907435638e-16 -1.2162749717934548e-14 -1.2162749717934548e-14 -2.0122792321330962e-16 -1 -3.6540428907435885e-16 1 -2.0122792321330962e-16</Rotation>
<Translation>-0.72883273837329454 0.11000000000000637 -0.17577577391327978</Translation>
</Transform>
</Instance>
<Instance name="xmas bearing left-1" uid="xmas bearing left-1" entityUid="xmas bearing left*:*Default">
<Transform>
<Rotation>1 6.8761904310963212e-15 -1.2163789278156892e-14 -1.2163789278156904e-14 -1.6653345369377348e-16 -1.0000000000000002 -6.8761904310963275e-15 1.0000000000000002 -1.6653345369377348e-16</Rotation>
<Translation>-0.7288327383732901 0.11000000000000644 0.7132242260867272</Translation>
</Transform>
</Instance>
<Instance name="MANCAL UCFL208CC-1" uid="MANCAL UCFL208CC-1" entityUid="MANCAL UCFL208CC*:*Default">
<Transform>
<Rotation>4.9157378046187138e-16 0.99999999999999989 1.9271041979561205e-14 0 -1.9271041979561212e-14 1 1 -4.915737804618704e-16 0</Rotation>
<Translation>-0.62603584450467165 0.061711885563707457 -0.15327577391327987</Translation>
</Transform>
</Instance>
<Instance name="rear wheel-2" uid="rear wheel-2" entityUid="rear wheel" rigid="true">
<Transform>
<Rotation>-0.99849145350323909 -0.054907351793627525 3.5153967780128196e-15 0.054907351793627525 -0.99849145350323909 -1.2010682576970645e-16 3.5166883862539775e-15 0 1</Rotation>
<Translation>-0.62603584450467553 0.061711885563709164 -0.30877577391327832</Translation>
</Transform>
<Instance name="rear rim-1" uid="rear rim-1" grounded="true" entityUid="rear rim*:*Default">
<Transform>
<Rotation>1 0 0 0 1 0 0 0 1</Rotation>
<Translation>0 0 0</Translation>
</Transform>
</Instance>
<Instance name="Rear Tyre-1" uid="Rear Tyre-1" entityUid="Rear Tyre*:*Default">
<Transform>
<Rotation>1 0 0 0 1 0 0 0 1</Rotation>
<Translation>0 0 0.013969999999999982</Translation>
</Transform>
</Instance>
</Instance>
<Instance name="Assembly-1" uid="Assembly-1" entityUid="Assembly" rigid="true">
<Transform>
<Rotation>0.58824068203179047 0.0082446706160806821 0.80864388046234925 -0.80868590936331641 0.005997199419675003 0.58821011007661783 -2.2723161867411175e-15 -0.99994802815224015 0.010195145631476499</Rotation>
<Translation>0.059146753011489507 0.4817592051183941 0.26872422608686175</Translation>
</Transform>
<Instance name="Handle left front-1" uid="Handle left front-1" entityUid="Handle left front*:*Default">
<Transform>
<Rotation>1 0 0 0 1 -1.0471062194400416e-09 -1.8970004813836052e-16 1.0471062229094885e-09 1</Rotation>
<Translation>-0.0049999999999999489 0.11810042662064285 0.049599999999999977</Translation>
</Transform>
</Instance>
<Instance name="Handle left back-1" uid="Handle left back-1" entityUid="Handle left back*:*Default">
<Transform>
<Rotation>1 0 0 0 1 -1.0471062784206397e-09 -1.8970004813836052e-16 1.0471062818900867e-09 1</Rotation>
<Translation>0.0030000000000000582 0.22398975781908192 -0.090605333522787546</Translation>
</Transform>
</Instance>
<Instance name="Handle right front-1" uid="Handle right front-1" entityUid="Handle right front*:*Default">
<Transform>
<Rotation>-1 0 1.8970004813684738e-16 0 -1 1.0471062957678743e-09 1.8970004813836052e-16 1.0471062957678743e-09 1</Rotation>
<Translation>-0.00500000000000006 -0.11810042662064285 0.049599999999999977</Translation>
</Transform>
</Instance>
<Instance name="Handle right back-1" uid="Handle right back-1" entityUid="Handle right back*:*Default">
<Transform>
<Rotation>1 0 1.8970004813684738e-16 0 1 1.0471063235234499e-09 -1.8970004813836052e-16 -1.0471063235234499e-09 1</Rotation>
<Translation>0.0030000000000000582 -0.22398975781908192 -0.090605333522787462</Translation>
</Transform>
</Instance>
<Instance name="Steering Wheel 3-1" uid="Steering Wheel 3-1" grounded="true" entityUid="Steering Wheel 3*:*Default">
<Transform>
<Rotation>1 0 0 0 1 0 0 0 1</Rotation>
<Translation>0 0 0</Translation>
</Transform>
</Instance>
</Instance>
<Instance name="Rose joint Ball-4" uid="Rose joint Ball-4" entityUid="Rose joint Ball*:*Default">
<Transform>
<Rotation>-0.86725105725094087 -0.49787107135997133 1.6572354643200596e-15 -1.5366811108950214e-15 -6.8748425051203788e-16 -1 0.49787107135997144 -0.86725105725094076 -1.6514661358741767e-16</Rotation>
<Translation>0.38542910263037899 0.097689725212294298 -0.11840231623591078</Translation>
</Transform>
</Instance>
<Instance name="Rose joint Ball-5" uid="Rose joint Ball-5" entityUid="Rose joint Ball*:*Default">
<Transform>
<Rotation>-0.86725105725094087 -0.49787107135997127 1.7869860807067162e-15 -1.6186464078352697e-15 -7.920783308812269e-16 -1 0.49787107135997133 -0.86725105725094076 -1.1737359874764046e-16</Rotation>
<Translation>0.38542910263037899 0.031689725212294295 -0.11840231623591078</Translation>
</Transform>
</Instance>
<Instance name="Hiem joint Body-3" uid="Hiem joint Body-3" entityUid="Hiem joint Body*:*Default">
<Transform>
<Rotation>0.99604328332623793 -4.019121998439313e-15 -0.088869442108564914 0.088869442108564969 0 0.99604328332623793 -4.007403213954513e-15 -1 3.1028599871545444e-16</Rotation>
<Translation>0.38542910263037916 0.097689725212294298 -0.077631806404662357</Translation>
</Transform>
</Instance>
<Instance name="Hiem joint Body-4" uid="Hiem joint Body-4" entityUid="Hiem joint Body*:*Default">
<Transform>
<Rotation>-0.9986168886535931 -2.9624773461115386e-15 -0.052576702975915268 0.052576702975915213 0 -0.9986168886535931 2.9569155538467019e-15 -1 1.835705772983063e-16</Rotation>
<Translation>0.38542910263037911 0.031689725212294295 -0.077631806404662357</Translation>
</Transform>
</Instance>
<Instance name="hub steering real 1-2" uid="hub steering real 1-2" entityUid="hub steering real 1*:*Default">
<Transform>
<Rotation>0.0077629391941831175 1.7590179631840985e-15 -0.99996986793356324 0 -1 -1.7588258166586717e-15 -0.99996986793356324 0 -0.0077629391941831175</Rotation>
<Translation>0.38542910263042807 0.064689725212294519 -0.11840231623580062</Translation>
</Transform>
</Instance>
<Instance name="Rose joint Ball-6" uid="Rose joint Ball-6" entityUid="Rose joint Ball*:*Default">
<Transform>
<Rotation>1 8.485291217860676e-14 -1.7170994255142382e-15 1.7170994255142576e-15 -3.0779898042726115e-16 1 8.4852912178606571e-14 -1 -3.0779898042740689e-16</Rotation>
<Translation>0.30194714453631111 0.072254725212294146 -0.12105046139451373</Translation>
</Transform>
</Instance>
<Instance name="Rose joint Ball-7" uid="Rose joint Ball-7" entityUid="Rose joint Ball*:*Default">
<Transform>
<Rotation>-0.86725105725094076 -0.49787107135997105 1.7520427531090636e-15 -1.6363347686994857e-15 -6.6870664734254493e-16 -0.99999999999999989 0.49787107135997105 -0.86725105725094076 -2.3474719749734808e-16</Rotation>
<Translation>0.30194086782897855 0.07225472521229416 0.65829303165202246</Translation>
</Transform>
</Instance>
<Instance name="Hiem joint Body-5" uid="Hiem joint Body-5" entityUid="Hiem joint Body*:*Default">
<Transform>
<Rotation>0.98458037614230787 0.063726973664303702 -0.16291211048617779 0.15991141384174962 0.049683708007813777 0.98588025078187214 0.070921242506065463 -0.99672985406587666 0.038726933459963142</Rotation>
<Translation>0.29934896333001337 0.070229095106508155 -0.080413277080226386</Translation>
</Transform>
</Instance>
<Instance name="Rose joint Ball-9" uid="Rose joint Ball-9" entityUid="Rose joint Ball*:*Default">
<Transform>
<Rotation>0.80868590936331608 1.1508651515638156e-13 -0.58824068203179103 0.58824068203179103 8.6171416609770393e-14 0.80868590936331608 1.4375837604287041e-13 -1 1.9870402339453458e-15</Rotation>
<Translation>0.27788916249495743 0.053500456145221399 0.28258792765889423</Translation>
</Transform>
</Instance>
<Instance name="Hiem joint Body-7" uid="Hiem joint Body-7" entityUid="Hiem joint Body*:*Default">
<Transform>
<Rotation>0.63674402371789351 -0.063726973664304798 0.76843732411117016 0.76702334721944176 -0.04968370800781452 -0.63969267150630837 0.078944493663776996 0.99672985406587644 0.017244272498039517</Rotation>
<Translation>0.28052848650137163 0.055556013653625266 0.2139507895656981</Translation>
</Transform>
</Instance>
<Instance name="Hiem joint Body-6" uid="Hiem joint Body-6" entityUid="Hiem joint Body*:*Default">
<Transform>
<Rotation>-0.99417295407825579 0.063807609359044712 0.086883406742588459 0.090121630902390115 0.049753855613452851 0.99468720987810488 0.059145828448064569 0.9967211961423712 -0.055214383431429134</Rotation>
<Translation>0.29933939906430251 0.070226235152868466 0.61765620032568325</Translation>
</Transform>
</Instance>
<Instance name="Rose joint Ball-8" uid="Rose joint Ball-8" entityUid="Rose joint Ball*:*Default">
<Transform>
<Rotation>0.80868590936331608 1.1508651515638156e-13 -0.58824068203179103 0.58824068203179103 8.6171416609770393e-14 0.80868590936331608 1.4375837604287041e-13 -1 1.9870402339453458e-15</Rotation>
<Translation>0.27793030529507207 0.053530383547838421 0.2545879738799936</Translation>
</Transform>
</Instance>
<Instance name="Hiem joint Body-8" uid="Hiem joint Body-8" entityUid="Hiem joint Body*:*Default">
<Transform>
<Rotation>-0.63481417025156495 -0.063807609359043796 0.77002568673759242 -0.76861494247503137 -0.049753855613452615 -0.63777396000126874 0.079006578535723238 -0.99672119614237131 -0.017459029428900631</Rotation>
<Translation>0.28049063125964108 0.055528946204654366 0.32322475898522779</Translation>
</Transform>
</Instance>
<Instance name="tierod steering-1" uid="tierod steering-1" entityUid="tierod steering*:*Default">
<Transform>
<Rotation>0.063726973664304215 0.9929861594736169 -0.099585942388602841 0.049683708007813847 -0.10282183957414458 -0.99345820166989585 -0.99672985406587644 0.058362285771086146 -0.055887759065744481</Rotation>
<Translation>0.30030486793497796 0.070974350726625265 -0.095364224891213753</Translation>
</Transform>
</Instance>
<Instance name="tierod steering-2" uid="tierod steering-2" entityUid="tierod steering*:*Default">
<Transform>
<Rotation>-0.063807609359043962 0.9930079789034304 -0.099316377410819973 -0.049753855613453038 -0.10256078278129643 -0.99348167556673317 -0.99672119614237131 -0.058450317958181397 0.055950133968634803</Rotation>
<Translation>0.27955904016299921 0.05480253991269745 0.30867262952154911</Translation>
</Transform>
</Instance>
<Instance name="front wheel with bearing-3" uid="front wheel with bearing-3" entityUid="front wheel with bearing" rigid="true">
<Transform>
<Rotation>0.99996986793356313 0 -0.0077629391941831929 0 1 0 0.0077629391941831929 0 0.99996986793356313</Rotation>
<Translation>0.3866187730619382 0.064689725212285165 -0.27164769849661918</Translation>
</Transform>
<Instance name="front rim-1" uid="front rim-1" entityUid="front rim*:*Default">
<Transform>
<Rotation>1 0 0 0 1 0 0 0 1</Rotation>
<Translation>0 0 0</Translation>
</Transform>
</Instance>
<Instance name="front tyre-1" uid="front tyre-1" entityUid="front tyre*:*Default">
<Transform>
<Rotation>1 0 0 0 1 0 0 0 1</Rotation>
<Translation>0 0 0</Translation>
</Transform>
</Instance>
</Instance>
<Instance name="Hiem joint Body-1" uid="Hiem joint Body-1" entityUid="Hiem joint Body*:*Default">
<Transform>
<Rotation>-0.99604328332623793 5.2764065959721128e-16 0.088869442108564969 0.088869442108564969 0 0.99604328332623793 5.1885330976000656e-16 1 -1.2198012187278075e-16</Rotation>
<Translation>0.38542910263037911 0.097689725212294271 0.61508025857816229</Translation>
</Transform>
</Instance>
<Instance name="Rose joint Ball-2" uid="Rose joint Ball-2" entityUid="Rose joint Ball*:*Default">
<Transform>
<Rotation>-0.86725105725094076 -0.49787107135997105 1.7520427531090636e-15 -1.6363347686994857e-15 -6.6870664734254493e-16 -0.99999999999999989 0.49787107135997105 -0.86725105725094076 -2.3474719749734808e-16</Rotation>
<Translation>0.38542910263037911 0.097689725212294312 0.65585076840941059</Translation>
</Transform>
</Instance>
<Instance name="Rose joint Ball-3" uid="Rose joint Ball-3" entityUid="Rose joint Ball*:*Default">
<Transform>
<Rotation>-0.99952031218010884 0.030970074901071384 -1.7869860807051006e-15 -1.7970340926821602e-15 -2.9660879542131337e-16 1 0.030970074901071388 0.99952031218010873 3.521207962453153e-16</Rotation>
<Translation>0.38542910263037927 0.031689725212294302 0.65585076840941059</Translation>
</Transform>
</Instance>
<Instance name="Hiem joint Body-2" uid="Hiem joint Body-2" entityUid="Hiem joint Body*:*Default">
<Transform>
<Rotation>0.9986168886535931 -5.2900399273159042e-16 0.052576702975915213 0.052576702975915213 0 -0.9986168886535931 5.2329788843998765e-16 1 1.222952976264118e-16</Rotation>
<Translation>0.38542910263037916 0.031689725212294309 0.61508025857816229</Translation>
</Transform>
</Instance>
<Instance name="hub steering real 1-1" uid="hub steering real 1-1" entityUid="hub steering real 1*:*Default">
<Transform>
<Rotation>0.0052969017958387384 -1.7230533527176588e-15 -0.99998597131728084 0 1 -1.7230544252494103e-15 0.99998597131728084 0 0.0052969017958387384</Rotation>
<Translation>0.38542910263018454 0.064689725212294436 0.65585076840952505</Translation>
</Transform>
</Instance>
</InstanceTree>
<Constraints>
<Tangent name="Tangent1">
<ConstraintGeometry geomType="plane">
<InstancePath>
<Uid>base plate steering-1</Uid>
</InstancePath>
<Position>0 0 0</Position>
<Axis>0 -1 0</Axis>
</ConstraintGeometry>
<ConstraintGeometry geomType="cylinder">
<InstancePath>
<Uid>Chassis 25-12-2025-1</Uid>
</InstancePath>
<Position>-0.12047678490641078 1.7094792645173462e-15 0.61407576626022076</Position>
<Axis>-0.085564822163872081 -4.5819723618824053e-15 0.9963326057136066</Axis>
</ConstraintGeometry>
</Tangent>
<Tangent name="Tangent2">
<ConstraintGeometry geomType="plane">
<InstancePath>
<Uid>base plate steering-1</Uid>
</InstancePath>
<Position>0 0 0</Position>
<Axis>0 -1 0</Axis>
</ConstraintGeometry>
<ConstraintGeometry geomType="cylinder">
<InstancePath>
<Uid>Chassis 25-12-2025-1</Uid>
</InstancePath>
<Position>0.12047678490640987 1.7649904157404685e-15 0.61407576626022065</Position>
<Axis>0.085564822163874274 -4.5819723618606059e-15 0.9963326057136066</Axis>
</ConstraintGeometry>
</Tangent>
<Parallel name="Parallel1">
<ConstraintGeometry geomType="plane">
<InstancePath>
<Uid>base plate steering-1</Uid>
</InstancePath>
<Position>0.12699999999999997 0.0059999999999999967 -0.019050000000000011</Position>
<Axis>-1.2293315971489184e-16 0 -1</Axis>
</ConstraintGeometry>
<ConstraintGeometry geomType="plane">
<InstancePath>
<Uid>MATLAB assembly</Uid>
</InstancePath>
<Position>0 0 0</Position>
<Axis>1 0 0</Axis>
</ConstraintGeometry>
</Parallel>
<Concentric name="Concentric11">
<ConstraintGeometry geomType="cylinder">
<InstancePath>
<Uid>Chassis 25-12-2025-1</Uid>
</InstancePath>
<Position>-0.43179999999999774 1.1784164370816459e-15 0.1860914877134266</Position>
<Axis>-3.1941607310535999e-15 -1.7003411354488012e-15 -1</Axis>
</ConstraintGeometry>
<ConstraintGeometry geomType="cylinder">
<InstancePath>
<Uid>xmas bearing left-1</Uid>
</InstancePath>
<Position>-0.0014999999999999458 -0.012700000000000045 0.11000000000000007</Position>
<Axis>1 1.2246467991472963e-16 0</Axis>
</ConstraintGeometry>
</Concentric>
<Concentric name="Concentric12">
<ConstraintGeometry geomType="cylinder">
<InstancePath>
<Uid>Chassis 25-12-2025-1</Uid>
</InstancePath>
<Position>0.43179999999999996 0 -0.47430851228657306</Position>
<Axis>-3.1941607310535999e-15 1.7003411354488012e-15 1</Axis>
</ConstraintGeometry>
<ConstraintGeometry geomType="cylinder">
<InstancePath>
<Uid>xmas bearing-1</Uid>
</InstancePath>
<Position>-0.0014999999999999458 0.012699999999999989 0.10999999999999999</Position>
<Axis>-1 0 0</Axis>
</ConstraintGeometry>
</Concentric>
<Concentric name="Concentric18">
<ConstraintGeometry geomType="cylinder">
<InstancePath>
<Uid>xmas bearing-1</Uid>
</InstancePath>
<Position>0.17479689386862352 0.0044999999999999762 0.048288114436298171</Position>
<Axis>0 -1 0</Axis>
</ConstraintGeometry>
<ConstraintGeometry geomType="cylinder">
<InstancePath>
<Uid>MANCAL UCFL208CC-1</Uid>
</InstancePath>
<Position>-0.02200000000000002 0.071999999999999953 0</Position>
<Axis>1 0 0</Axis>
</ConstraintGeometry>
</Concentric>
<Concentric name="Concentric19">
<ConstraintGeometry geomType="cylinder">
<InstancePath>
<Uid>xmas bearing-1</Uid>
</InstancePath>
<Position>0.030796893868623276 0.0044999999999999762 0.048288114436297172</Position>
<Axis>0 -1 0</Axis>
</ConstraintGeometry>
<ConstraintGeometry geomType="cylinder">
<InstancePath>
<Uid>MANCAL UCFL208CC-1</Uid>
</InstancePath>
<Position>-0.021999999999999992 -0.071999999999999953 0</Position>
<Axis>1 0 0</Axis>
</ConstraintGeometry>
</Concentric>
<Coincident name="Coincident37">
<ConstraintGeometry geomType="plane">
<InstancePath>
<Uid>xmas bearing-1</Uid>
</InstancePath>
<Position>0 0.0014999999999999736 0.10999999999999999</Position>
<Axis>0 1 0</Axis>
</ConstraintGeometry>
<ConstraintGeometry geomType="plane">
<InstancePath>
<Uid>MANCAL UCFL208CC-1</Uid>
</InstancePath>
<Position>-0.020999999999999991 0 0</Position>
<Axis>-1 0 0</Axis>
</ConstraintGeometry>
</Coincident>
<Concentric name="Concentric20">
<ConstraintGeometry geomType="cylinder">
<InstancePath>
<Uid>xmas bearing left-1</Uid>
</InstancePath>
<Position>0.030796893868623387 0.0044999999999999485 0.048288114436297214</Position>
<Axis>0 -1.0000000000000002 0</Axis>
</ConstraintGeometry>
<ConstraintGeometry geomType="cylinder">
<InstancePath>
<Uid>MANCAL UCFL208CC-2</Uid>
</InstancePath>
<Position>-0.02200000000000002 -0.071999999999999953 0</Position>
<Axis>1 0 0</Axis>
</ConstraintGeometry>
</Concentric>
<Concentric name="Concentric21">
<ConstraintGeometry geomType="cylinder">
<InstancePath>
<Uid>xmas bearing left-1</Uid>
</InstancePath>
<Position>0.17479689386862352 0.0045000000000000595 0.048288114436298213</Position>
<Axis>0 -1.0000000000000002 0</Axis>
</ConstraintGeometry>
<ConstraintGeometry geomType="cylinder">
<InstancePath>
<Uid>MANCAL UCFL208CC-2</Uid>
</InstancePath>
<Position>-0.02200000000000002 0.072000000000000064 0</Position>
<Axis>1 0 0</Axis>
</ConstraintGeometry>
</Concentric>
<Coincident name="Coincident38">
<ConstraintGeometry geomType="plane">
<InstancePath>
<Uid>xmas bearing left-1</Uid>
</InstancePath>
<Position>0 -0.0015000000000000568 0.11000000000000006</Position>
<Axis>0 -1.0000000000000002 0</Axis>
</ConstraintGeometry>
<ConstraintGeometry geomType="plane">
<InstancePath>
<Uid>MANCAL UCFL208CC-2</Uid>
</InstancePath>
<Position>-0.021000000000000019 0 0</Position>
<Axis>-1 0 0</Axis>
</ConstraintGeometry>
</Coincident>
<Concentric name="Concentric22">
<ConstraintGeometry geomType="cylinder">
<InstancePath>
<Uid>MANCAL UCFL208CC-2</Uid>
</InstancePath>
<Position>-0.019000000000000017 0 0</Position>
<Axis>-1 0 0</Axis>
</ConstraintGeometry>
<ConstraintGeometry geomType="cylinder">
<InstancePath>
<Uid>main shaft-1</Uid>
</InstancePath>
<Position>0 0 1.1499999999999999</Position>
<Axis>0 0 -1</Axis>
</ConstraintGeometry>
</Concentric>
<Concentric name="Concentric23">
<ConstraintGeometry geomType="cylinder">
<InstancePath>
<Uid>MANCAL UCFL208CC-1</Uid>
</InstancePath>
<Position>-0.018999999999999989 0 0</Position>
<Axis>-1 0 0</Axis>
</ConstraintGeometry>
<ConstraintGeometry geomType="cylinder">
<InstancePath>
<Uid>main shaft-1</Uid>
</InstancePath>
<Position>0 0 1.1499999999999999</Position>
<Axis>0 0 -1</Axis>
</ConstraintGeometry>
</Concentric>
<Concentric name="Concentric31">
<ConstraintGeometry geomType="cylinder">
<InstancePath>
<Uid>main shaft-1</Uid>
</InstancePath>
<Position>0 0 1.1499999999999999</Position>
<Axis>0 0 -1</Axis>
</ConstraintGeometry>
<ConstraintGeometry geomType="cylinder">
<InstancePath>
<Uid>MATLAB assembly</Uid>
</InstancePath>
<Position>-0.62603584450467598 0.061711885563707478 -0.30877577391327554</Position>
<Axis>3.5153967780119724e-15 -1.2010682576764737e-16 1</Axis>
</ConstraintGeometry>
</Concentric>
<Coincident name="Coincident40">
<ConstraintGeometry geomType="plane">
<InstancePath>
<Uid>main shaft-1</Uid>
</InstancePath>
<Position>0 0 0</Position>
<Axis>0 0 -1</Axis>
</ConstraintGeometry>
<ConstraintGeometry geomType="plane">
<InstancePath>
<Uid>MATLAB assembly</Uid>
</InstancePath>
<Position>-0.62175479176741599 0.079195380279032543 -0.30627577391327554</Position>
<Axis>3.5153967780119724e-15 -1.2010682576764737e-16 1</Axis>
</ConstraintGeometry>
</Coincident>
<Concentric name="Concentric32">
<ConstraintGeometry geomType="cylinder">
<InstancePath>
<Uid>MATLAB assembly</Uid>
</InstancePath>
<Position>-0.62603584450467187 0.061711885563707373 0.84622422608672432</Position>
<Axis>-3.4914813411306884e-15 0 -1</Axis>
</ConstraintGeometry>
<ConstraintGeometry geomType="cylinder">
<InstancePath>
<Uid>main shaft-1</Uid>
</InstancePath>
<Position>0 0 1.1499999999999999</Position>
<Axis>0 0 -1</Axis>
</ConstraintGeometry>
</Concentric>
<Coincident name="Coincident41">
<ConstraintGeometry geomType="plane">
<InstancePath>
<Uid>main shaft-1</Uid>
</InstancePath>
<Position>0 0 1.1499999999999999</Position>
<Axis>0 0 1</Axis>
</ConstraintGeometry>
<ConstraintGeometry geomType="plane">
<InstancePath>
<Uid>MATLAB assembly</Uid>
</InstancePath>
<Position>-0.60967052341410755 0.054216802802141049 0.84372422608672426</Position>
<Axis>-3.4914813411306884e-15 0 -1</Axis>
</ConstraintGeometry>
</Coincident>
<Tangent name="Tangent15">
<ConstraintGeometry geomType="cylinder">
<InstancePath>
<Uid>Chassis 25-12-2025-1</Uid>
</InstancePath>
<Position>0.43179999999999974 0 -0.47430851228657306</Position>
<Axis>-1 0 0</Axis>
</ConstraintGeometry>
<ConstraintGeometry geomType="plane">
<InstancePath>
<Uid>xmas bearing left-1</Uid>
</InstancePath>
<Position>-0.0015000000000000568 0 0.11000000000000007</Position>
<Axis>-1 -1.2246467991472963e-16 0</Axis>
</ConstraintGeometry>
</Tangent>
<Concentric name="Concentric36">
<ConstraintGeometry geomType="cylinder">
<InstancePath>
<Uid>Chassis 25-12-2025-1</Uid>
</InstancePath>
<Position>-0.066421000000000063 0.35100000000000003 0.41042204525125914</Position>
<Axis>1 0 0</Axis>
</ConstraintGeometry>
<ConstraintGeometry geomType="cylinder">
<InstancePath>
<Uid>bush-1</Uid>
</InstancePath>
<Position>0.031749999999999973 0 0</Position>
<Axis>-1 0 0</Axis>
</ConstraintGeometry>
</Concentric>
<Concentric name="Concentric37">
<ConstraintGeometry geomType="cylinder">
<InstancePath>
<Uid>main shaft-1</Uid>
</InstancePath>
<Position>0 0 1.1499999999999999</Position>
<Axis>0 0 -1</Axis>
</ConstraintGeometry>
<ConstraintGeometry geomType="cylinder">
<InstancePath>
<Uid>rear wheel-2</Uid>
<Uid>rear rim-1</Uid>
</InstancePath>
<Position>0 0 0</Position>
<Axis>0 0 1</Axis>
</ConstraintGeometry>
</Concentric>
<Coincident name="Coincident48">
<ConstraintGeometry geomType="plane">
<InstancePath>
<Uid>main shaft-1</Uid>
</InstancePath>
<Position>0 0 0</Position>
<Axis>0 0 -1</Axis>
</ConstraintGeometry>
<ConstraintGeometry geomType="plane">
<InstancePath>
<Uid>rear wheel-2</Uid>
<Uid>rear rim-1</Uid>
</InstancePath>
<Position>-1.1102230246251565e-16 0.018000000000000002 0.0025000000000000022</Position>
<Axis>0 0 1</Axis>
</ConstraintGeometry>
</Coincident>
<Concentric name="Concentric38">
<ConstraintGeometry geomType="cylinder">
<InstancePath>
<Uid>main shaft-1</Uid>
</InstancePath>
<Position>0 0 1.1499999999999999</Position>
<Axis>0 0 -1</Axis>
</ConstraintGeometry>
<ConstraintGeometry geomType="cylinder">
<InstancePath>
<Uid>rear wheel-3</Uid>
<Uid>rear rim-1</Uid>
</InstancePath>
<Position>0 0 0</Position>
<Axis>0 0 1</Axis>
</ConstraintGeometry>
</Concentric>
<Coincident name="Coincident49">
<ConstraintGeometry geomType="plane">
<InstancePath>
<Uid>main shaft-1</Uid>
</InstancePath>
<Position>0 0 1.1499999999999999</Position>
<Axis>0 0 1</Axis>
</ConstraintGeometry>
<ConstraintGeometry geomType="plane">
<InstancePath>
<Uid>rear wheel-3</Uid>
<Uid>rear rim-1</Uid>
</InstancePath>
<Position>1.1102230246251565e-16 0.018000000000000016 0.0024999999999999467</Position>
<Axis>0 0 1</Axis>
</ConstraintGeometry>
</Coincident>
<Tangent name="Tangent29">
<ConstraintGeometry geomType="cylinder">
<InstancePath>
<Uid>Chassis 25-12-2025-1</Uid>
</InstancePath>
<Position>0.64033248243670016 -4.6544555254860183e-16 -0.040105575176348662</Position>
<Axis>-0.16439898730535549 7.2710241002688101e-16 0.98639392383214419</Axis>
</ConstraintGeometry>
<ConstraintGeometry geomType="plane">
<InstancePath>
<Uid>SidePods-2</Uid>
</InstancePath>
<Position>0.037787965428618842 1.1622208407141339 2.3395992694855208</Position>
<Axis>0.99016598451121562 0 -0.13989754507115232</Axis>
</ConstraintGeometry>
</Tangent>
<Tangent name="Tangent31">
<ConstraintGeometry geomType="cylinder">
<InstancePath>
<Uid>Chassis 25-12-2025-1</Uid>
</InstancePath>
<Position>0.58529914910336722 0.16509999999999991 0.29009442482365111</Position>
<Axis>0.16439898730535546 0 -0.98639392383214408</Axis>
</ConstraintGeometry>
<ConstraintGeometry geomType="plane">
<InstancePath>
<Uid>SidePods-2</Uid>
</InstancePath>
<Position>0.037787965428618842 1.1622208407141339 2.3395992694855208</Position>
<Axis>0.99016598451121562 0 -0.13989754507115232</Axis>
</ConstraintGeometry>
</Tangent>
<Tangent name="Tangent32">
<ConstraintGeometry geomType="cylinder">
<InstancePath>
<Uid>Chassis 25-12-2025-1</Uid>
</InstancePath>
<Position>0.64033248243670016 -4.6544555254860183e-16 -0.040105575176348662</Position>
<Axis>-0.16439898730535549 7.2710241002688101e-16 0.98639392383214419</Axis>
</ConstraintGeometry>
<ConstraintGeometry geomType="plane">
<InstancePath>
<Uid>SidePods-2</Uid>
</InstancePath>
<Position>0.073772328493931338 1.3330595871910649 2.6085780586589529</Position>
<Axis>0 -1 0</Axis>
</ConstraintGeometry>
</Tangent>
<Concentric name="Concentric41">
<ConstraintGeometry geomType="cylinder">
<InstancePath>
<Uid>steering column and tripod-1</Uid>
</InstancePath>
<Position>0 0.040238044478832224 0.10200000000000001</Position>
<Axis>0 0 -1</Axis>
</ConstraintGeometry>
<ConstraintGeometry geomType="sphere">
<InstancePath>
<Uid>Rose joint Ball-1</Uid>
</InstancePath>
<Position>0 0 0</Position>
</ConstraintGeometry>
</Concentric>
<Coincident name="Coincident50">
<ConstraintGeometry geomType="plane">
<InstancePath>
<Uid>Rose joint Ball-1</Uid>
</InstancePath>
<Position>-0.010000000000000009 0.0091097282341587871 0.0050649999999999862</Position>
<Axis>0 -2.7142314094796075e-16 1</Axis>
</ConstraintGeometry>
<ConstraintGeometry geomType="plane">
<InstancePath>
<Uid>steering column and tripod-1</Uid>
</InstancePath>
<Position>0 0.040238044478832224 0.10200000000000001</Position>
<Axis>0 0 1</Axis>
</ConstraintGeometry>
</Coincident>
<Concentric name="Concentric42">
<ConstraintGeometry geomType="cylinder">
<InstancePath>
<Uid>Assembly-1</Uid>
<Uid>Steering Wheel 3-1</Uid>
</InstancePath>
<Position>0.0030000000000000582 0 0</Position>
<Axis>-1 0 1.8970004813836052e-16</Axis>
</ConstraintGeometry>
<ConstraintGeometry geomType="cylinder">
<InstancePath>
<Uid>steering column and tripod-1</Uid>
</InstancePath>
<Position>0 0.040238044478832169 0.077000000000000013</Position>
<Axis>0 0 -1</Axis>
</ConstraintGeometry>
</Concentric>
<Concentric name="Concentric43">
<ConstraintGeometry geomType="cylinder">
<InstancePath>
<Uid>bush-1</Uid>
</InstancePath>
<Position>0 0.012700000000000017 0.010160000000000002</Position>
<Axis>0 -1.0000000000000002 0</Axis>
</ConstraintGeometry>
<ConstraintGeometry geomType="cylinder">
<InstancePath>
<Uid>steering column and tripod-1</Uid>
</InstancePath>
<Position>0 0.040238044478832169 0.077000000000000013</Position>
<Axis>0 0 -1</Axis>
</ConstraintGeometry>
</Concentric>
<Concentric name="Concentric44">
<ConstraintGeometry geomType="cylinder">
<InstancePath>
<Uid>base plate steering-1</Uid>
</InstancePath>
<Position>0 0.0059999999999999967 0</Position>
<Axis>0 -1 0</Axis>
</ConstraintGeometry>
<ConstraintGeometry geomType="sphere">
<InstancePath>
<Uid>Hiem joint Body - Copy-1</Uid>
</InstancePath>
<Position>0 0.040770509831248414 0</Position>
</ConstraintGeometry>
</Concentric>
<Coincident name="Coincident52">
<ConstraintGeometry geomType="circle">
<InstancePath>
<Uid>base plate steering-1</Uid>
</InstancePath>
<Position>0 0.0059999999999999967 0</Position>
<Axis>0 1 0</Axis>
</ConstraintGeometry>
<ConstraintGeometry geomType="sphere">
<InstancePath>
<Uid>Hiem joint Body - Copy-1</Uid>
</InstancePath>
<Position>0 0.040770509831248414 0</Position>
</ConstraintGeometry>
</Coincident>
<Concentric name="Concentric45">
<ConstraintGeometry geomType="sphere">
<InstancePath>
<Uid>Hiem joint Body - Copy-1</Uid>
</InstancePath>
<Position>0 0.040770509831248414 0</Position>
</ConstraintGeometry>
<ConstraintGeometry geomType="sphere">
<InstancePath>
<Uid>Rose joint Ball-1</Uid>
</InstancePath>
<Position>0 0 0</Position>
</ConstraintGeometry>
</Concentric>
<Coincident name="Coincident53">
<ConstraintGeometry geomType="plane">
<InstancePath>
<Uid>Assembly-1</Uid>
<Uid>Steering Wheel 3-1</Uid>
</InstancePath>
<Position>0.0069999999999999507 0 0</Position>
<Axis>1 0 -1.8970004813836052e-16</Axis>
</ConstraintGeometry>
<ConstraintGeometry geomType="plane">
<InstancePath>
<Uid>steering column and tripod-1</Uid>
</InstancePath>
<Position>0 0.040238044478832169 -0.47300000000000009</Position>
<Axis>0 0 -1</Axis>
</ConstraintGeometry>
</Coincident>
<Coincident name="Coincident54">
<ConstraintGeometry geomType="plane">
<InstancePath>
<Uid>Chassis 25-12-2025-1</Uid>
</InstancePath>
<Position>0.3463560324913833 -0.013664926209240973 -2.2204460492503131e-16</Position>
<Axis>1 0 0</Axis>
</ConstraintGeometry>
<ConstraintGeometry geomType="plane">
<InstancePath>
<Uid>camber caster plate new-2</Uid>
</InstancePath>
<Position>0 0 0.0060000000000000053</Position>
<Axis>0 0 1</Axis>
</ConstraintGeometry>
</Coincident>
<Coincident name="Coincident55">
<ConstraintGeometry geomType="plane">
<InstancePath>
<Uid>Chassis 25-12-2025-1</Uid>
</InstancePath>
<Position>-0.34635603249137514 -0.013664926209241021 -4.2743586448068527e-15</Position>
<Axis>-1 0 -1.193489751472043e-14</Axis>
</ConstraintGeometry>
<ConstraintGeometry geomType="plane">
<InstancePath>
<Uid>camber caster plate new-1</Uid>
</InstancePath>
<Position>0 0 0</Position>
<Axis>0 0 -1</Axis>
</ConstraintGeometry>
</Coincident>
<Coincident name="Coincident56">
<ConstraintGeometry geomType="plane">
<InstancePath>
<Uid>camber caster plate new-1</Uid>
</InstancePath>
<Position>-0.02546077972601718 0 0.0060000000000000053</Position>
<Axis>-1 -1.4498749248471323e-16 0</Axis>
</ConstraintGeometry>
<ConstraintGeometry geomType="plane">
<InstancePath>
<Uid>camber caster plate new-2</Uid>
</InstancePath>
<Position>-0.02546077972601718 0 0.0060000000000000053</Position>
<Axis>-1 -1.4498749248471323e-16 0</Axis>
</ConstraintGeometry>
</Coincident>
<Coincident name="Coincident57">
<ConstraintGeometry geomType="point">
<InstancePath>
<Uid>Chassis 25-12-2025-1</Uid>
</InstancePath>
<Position>0.3463560324913833 0.051372068355253452 0.62869254899117744</Position>
</ConstraintGeometry>
<ConstraintGeometry geomType="line">
<InstancePath>
<Uid>camber caster plate new-2</Uid>
</InstancePath>
<Position>-0.025460779726017235 0.077646422339479271 0.0060000000000000053</Position>
<Axis>1.5240096946390383e-16 -1 0</Axis>
</ConstraintGeometry>
</Coincident>
<Coincident name="Coincident58">
<ConstraintGeometry geomType="plane">
<InstancePath>
<Uid>camber caster plate new-1</Uid>
</InstancePath>
<Position>-0.02546077972601718 -0.016414598181793805 -0.033000000000000029</Position>
<Axis>0 -1 0</Axis>
</ConstraintGeometry>
<ConstraintGeometry geomType="plane">
<InstancePath>
<Uid>camber caster plate new-2</Uid>
</InstancePath>
<Position>-0.02546077972601718 -0.016414598181793805 -0.033000000000000015</Position>
<Axis>0 -1 0</Axis>
</ConstraintGeometry>
</Coincident>
<Parallel name="Parallel2">
<ConstraintGeometry geomType="plane">
<InstancePath>
<Uid>camber caster plate new-1</Uid>
</InstancePath>
<Position>-0.02546077972601718 -0.016414598181793805 -0.033000000000000029</Position>
<Axis>0 -1 0</Axis>
</ConstraintGeometry>
<ConstraintGeometry geomType="plane">
<InstancePath>
<Uid>MATLAB assembly</Uid>
</InstancePath>
<Position>0 0 0</Position>
<Axis>0 1 0</Axis>
</ConstraintGeometry>
</Parallel>
<Concentric name="Concentric46">
<ConstraintGeometry geomType="sphere">
<InstancePath>
<Uid>Hiem joint Body-1</Uid>
</InstancePath>
<Position>0 0.040770509831248414 0</Position>
</ConstraintGeometry>
<ConstraintGeometry geomType="sphere">
<InstancePath>
<Uid>Rose joint Ball-2</Uid>
</InstancePath>
<Position>0 0 0</Position>
</ConstraintGeometry>
</Concentric>
